{
  "epsilon_result": {
    "f1": 0.7049949469436336,
    "precision": 0.9615127898520295,
    "recall": 0.556528456661694,
    "TP": 4322.0,
    "TN": 65481.0,
    "FP": 173.0,
    "FN": 3444.0,
    "threshold": 0.8249859437346458,
    "latency": 53.2628775638023,
    "reg_level": 0.0
  },
  "pot_result": {
    "f1": 0.5960650558287032,
    "precision": 0.9834172313194632,
    "recall": 0.4276332726916904,
    "TP": 3321.0,
    "TN": 65598.0,
    "FP": 56.0,
    "FN": 4445.0,
    "threshold": 0.9476764539981967,
    "latency": 98.53770355612649
  },
  "bf_result": {
    "f1": 0.8878734145732116,
    "precision": 0.8599179526304079,
    "recall": 0.9177182578963196,
    "TP": 7127.0,
    "TN": 64493.0,
    "FP": 1161.0,
    "FN": 639.0,
    "threshold": 0.6070000000000005,
    "latency": 38.57129081681851
  }
}