{
  "epsilon_result": {
    "f1": 0.8721219808720534,
    "precision": 0.7732491367013514,
    "recall": 0.9999999962880475,
    "TP": 2694.0,
    "TN": 24676.0,
    "FP": 790.0,
    "FN": 0.0,
    "threshold": 0.2817591307684779,
    "latency": 3.374957813027337,
    "reg_level": 1.0
  },
  "pot_result": {
    "f1": 0.8154938812493339,
    "precision": 0.6884743146218392,
    "recall": 0.9999999962880475,
    "TP": 2694.0,
    "TN": 24247.0,
    "FP": 1219.0,
    "FN": 0.0,
    "threshold": 0.22852432911939502,
    "latency": 3.374957813027337
  },
  "bf_result": {
    "f1": 0.9996239388025846,
    "precision": 0.9992581565309415,
    "recall": 0.9999999962880475,
    "TP": 2694.0,
    "TN": 25464.0,
    "FP": 2.0,
    "FN": 0.0,
    "threshold": 0.8259000000000009,
    "latency": 51.74935313308584
  }
}